{
  "format": "fetchbench_real_views_v1",
  "world_frame": "panda_link0",
  "reached_indices": [
    0,
    1,
    2,
    3
  ],
  "poses": [
    {
      "index": 0,
      "view_index": 0,
      "candidate_index": null,
      "tag": "initial",
      "move_success": true,
      "sync_index": 32,
      "world_frame": "panda_link0",
      "camera_frame": "l515_camera",
      "cam_position": [
        0.40706915208335415,
        0.0005971036823847208,
        0.534650638827031
      ],
      "cam_matrix": [
        [
          0.00043643365321255345,
          -0.9999869041729638,
          -0.00509911837857583,
          0.40706915208335415
        ],
        [
          -0.9999996309330351,
          -0.00043265430663552706,
          -0.0007422560507578104,
          0.0005971036823847208
        ],
        [
          0.000740040174774418,
          0.005099440442179537,
          -0.9999867239357316,
          0.534650638827031
        ],
        [
          0.0,
          0.0,
          0.0,
          1.0
        ]
      ],
      "intrinsics": {
        "width": 1920,
        "height": 1080,
        "fx": 1399.0697520372776,
        "fy": 1399.0697520372776,
        "cx": 960.0,
        "cy": 540.0,
        "k": [
          1399.0697520372776,
          0.0,
          960.0,
          0.0,
          1399.0697520372776,
          540.0,
          0.0,
          0.0,
          1.0
        ],
        "camera_frame": "l515_camera"
      },
      "rgb_path": "/workspace/ros2_ws/ours_experiment/ex2/views/rgb/0000.png",
      "depth_path": "/workspace/ros2_ws/ours_experiment/ex2/views/depth/0000.png",
      "depth_preview_path": "/workspace/ros2_ws/ours_experiment/ex2/views/depth_preview/0000.png"
    },
    {
      "index": 1,
      "view_index": 1,
      "candidate_index": 67,
      "tag": "manual_001",
      "move_success": true,
      "sync_index": 95,
      "world_frame": "panda_link0",
      "camera_frame": "l515_camera",
      "cam_position": [
        0.30438597156070707,
        -0.26868186769468805,
        0.29113650602891833
      ],
      "cam_matrix": [
        [
          0.9633477493650721,
          0.16798225643778364,
          0.20914845281598685,
          0.30438597156070707
        ],
        [
          -0.1107163947504915,
          -0.46117999438046087,
          0.8803720194989685,
          -0.26868186769468805
        ],
        [
          0.24434196063448396,
          -0.871260566251744,
          -0.4256783198237697,
          0.29113650602891833
        ],
        [
          0.0,
          0.0,
          0.0,
          1.0
        ]
      ],
      "intrinsics": {
        "width": 1920,
        "height": 1080,
        "fx": 1399.0697520372776,
        "fy": 1399.0697520372776,
        "cx": 960.0,
        "cy": 540.0,
        "k": [
          1399.0697520372776,
          0.0,
          960.0,
          0.0,
          1399.0697520372776,
          540.0,
          0.0,
          0.0,
          1.0
        ],
        "camera_frame": "l515_camera"
      },
      "rgb_path": "/workspace/ros2_ws/ours_experiment/ex2/views/rgb/0001.png",
      "depth_path": "/workspace/ros2_ws/ours_experiment/ex2/views/depth/0001.png",
      "depth_preview_path": "/workspace/ros2_ws/ours_experiment/ex2/views/depth_preview/0001.png"
    },
    {
      "index": 2,
      "view_index": 2,
      "candidate_index": 15,
      "tag": "manual_002",
      "move_success": true,
      "sync_index": 142,
      "world_frame": "panda_link0",
      "camera_frame": "l515_camera",
      "cam_position": [
        0.21818474223907403,
        -0.3702983973853995,
        0.3088680332331598
      ],
      "cam_matrix": [
        [
          0.905781720508669,
          0.0632293073940326,
          0.4190006318358319,
          0.21818474223907403
        ],
        [
          -0.34394560427157034,
          -0.46785697844099383,
          0.8141322183935041,
          -0.3702983973853995
        ],
        [
          0.247509385871768,
          -0.8815395070049526,
          -0.40202885654495724,
          0.3088680332331598
        ],
        [
          0.0,
          0.0,
          0.0,
          1.0
        ]
      ],
      "intrinsics": {
        "width": 1920,
        "height": 1080,
        "fx": 1399.0697520372776,
        "fy": 1399.0697520372776,
        "cx": 960.0,
        "cy": 540.0,
        "k": [
          1399.0697520372776,
          0.0,
          960.0,
          0.0,
          1399.0697520372776,
          540.0,
          0.0,
          0.0,
          1.0
        ],
        "camera_frame": "l515_camera"
      },
      "rgb_path": "/workspace/ros2_ws/ours_experiment/ex2/views/rgb/0002.png",
      "depth_path": "/workspace/ros2_ws/ours_experiment/ex2/views/depth/0002.png",
      "depth_preview_path": "/workspace/ros2_ws/ours_experiment/ex2/views/depth_preview/0002.png"
    },
    {
      "index": 3,
      "view_index": 3,
      "candidate_index": 29,
      "tag": "manual_003",
      "move_success": true,
      "sync_index": 192,
      "world_frame": "panda_link0",
      "camera_frame": "l515_camera",
      "cam_position": [
        0.2441301898917564,
        0.3522954048873545,
        0.23943734866486033
      ],
      "cam_matrix": [
        [
          -0.32431576533088724,
          -0.6971924230035512,
          0.6393293436596498,
          0.2441301898917564
        ],
        [
          -0.6705530973495969,
          -0.30727095990532605,
          -0.6752355891344307,
          0.3522954048873545
        ],
        [
          0.6672164776088066,
          -0.6476938184862483,
          -0.3678517221680495,
          0.23943734866486033
        ],
        [
          0.0,
          0.0,
          0.0,
          1.0
        ]
      ],
      "intrinsics": {
        "width": 1920,
        "height": 1080,
        "fx": 1399.0697520372776,
        "fy": 1399.0697520372776,
        "cx": 960.0,
        "cy": 540.0,
        "k": [
          1399.0697520372776,
          0.0,
          960.0,
          0.0,
          1399.0697520372776,
          540.0,
          0.0,
          0.0,
          1.0
        ],
        "camera_frame": "l515_camera"
      },
      "rgb_path": "/workspace/ros2_ws/ours_experiment/ex2/views/rgb/0003.png",
      "depth_path": "/workspace/ros2_ws/ours_experiment/ex2/views/depth/0003.png",
      "depth_preview_path": "/workspace/ros2_ws/ours_experiment/ex2/views/depth_preview/0003.png"
    }
  ]
}