{
  "format": "fetchbench_real_active_perception_v1",
  "motion_mode": "joint_goals",
  "stop_reason": "keyboard_quit",
  "output_root": "/workspace/ros2_ws/ours_experiment",
  "experiment_name": "ex2",
  "candidates_json": "/workspace/ros2_ws/install/fetchbench_real/lib/python3.10/site-packages/real_active_perception/view_candidates/view_candidates.json",
  "num_candidates_loaded": 100,
  "used_candidate_indices": [
    8,
    15,
    29,
    67
  ],
  "planned_moves": [
    {
      "step": 1,
      "candidate_index": 67,
      "candidate_rank": 68,
      "expected_gain": {
        "weighted_sum": 2297.2980202758436,
        "visible_unknown_voxels": 1168,
        "mean_distance": 0.5151769518750684
      },
      "joint_angles": [
        1.0344755662525584,
        -0.7892784791877073,
        -1.9841660906742944,
        -2.1762904202610174,
        0.1741386293865649,
        1.7883285500828807,
        -1.7225535653518569
      ],
      "dry_run": false
    },
    {
      "step": 2,
      "candidate_index": 15,
      "candidate_rank": 16,
      "expected_gain": {
        "weighted_sum": 1450.79020410212,
        "visible_unknown_voxels": 1150,
        "mean_distance": 0.5604961219311486
      },
      "joint_angles": [
        0.7763676438013708,
        -0.87815920545068,
        -1.963779322780935,
        -2.0532899251021424,
        0.11541243982654437,
        1.6835715245243688,
        -1.6577448757282562
      ],
      "dry_run": false
    },
    {
      "step": 3,
      "candidate_index": 29,
      "candidate_rank": 30,
      "expected_gain": {
        "weighted_sum": 865.6690227445604,
        "visible_unknown_voxels": 1183,
        "mean_distance": 0.654719248848903
      },
      "joint_angles": [
        -0.3416306150603594,
        -0.9748598790870748,
        1.8481843121938517,
        -2.5374872860223516,
        -0.043062078184703347,
        2.0703202083834635,
        2.0891706802834586
      ],
      "dry_run": false
    },
    {
      "step": 4,
      "candidate_index": 8,
      "candidate_rank": 9,
      "expected_gain": {
        "weighted_sum": 632.4276622118155,
        "visible_unknown_voxels": 1075,
        "mean_distance": 0.5224730020224272
      },
      "joint_angles": [
        -0.9599192840335599,
        -0.9250566049605939,
        -1.0838633268248143,
        -3.0109401988274547,
        0.15528909078381758,
        1.835782592476397,
        -2.1091583526610673
      ],
      "dry_run": false
    }
  ],
  "views": [
    {
      "view_index": 0,
      "tag": "initial",
      "candidate_index": null,
      "candidate_rank": null,
      "move_success": true,
      "camera_frame": "l515_camera",
      "camera_matrix": [
        [
          0.00043643365321255345,
          -0.9999869041729638,
          -0.00509911837857583,
          0.40706915208335415
        ],
        [
          -0.9999996309330351,
          -0.00043265430663552706,
          -0.0007422560507578104,
          0.0005971036823847208
        ],
        [
          0.000740040174774418,
          0.005099440442179537,
          -0.9999867239357316,
          0.534650638827031
        ],
        [
          0.0,
          0.0,
          0.0,
          1.0
        ]
      ],
      "expected_gain": null,
      "grid_counts": {
        "free": 4630,
        "unknown": 11668,
        "occupied": 3302,
        "checked": 5607,
        "total": 19600
      },
      "occupancy_update_stats": {
        "valid_depth_samples": 32400,
        "inside_roi_samples": 30920,
        "unique_endpoint_voxels": 1033
      },
      "scored_unknown_voxels": 9256,
      "score_mean": 0.4635320007801056,
      "rgb_shape_hw": [
        1080,
        1920
      ],
      "depth_shape_hw": [
        1080,
        1920
      ],
      "sync_index": 32,
      "saved_view": {
        "view_index": 0,
        "rgb_path": "/workspace/ros2_ws/ours_experiment/ex2/views/rgb/0000.png",
        "depth_path": "/workspace/ros2_ws/ours_experiment/ex2/views/depth/0000.png",
        "depth_preview_path": "/workspace/ros2_ws/ours_experiment/ex2/views/depth_preview/0000.png",
        "pose_json": "/workspace/ros2_ws/ours_experiment/ex2/views/pose.json",
        "intrinsics_json": "/workspace/ros2_ws/ours_experiment/ex2/views/intrinsics.json"
      }
    },
    {
      "view_index": 1,
      "tag": "manual_001",
      "candidate_index": 67,
      "candidate_rank": 68,
      "move_success": true,
      "camera_frame": "l515_camera",
      "camera_matrix": [
        [
          0.9633477493650721,
          0.16798225643778364,
          0.20914845281598685,
          0.30438597156070707
        ],
        [
          -0.1107163947504915,
          -0.46117999438046087,
          0.8803720194989685,
          -0.26868186769468805
        ],
        [
          0.24434196063448396,
          -0.871260566251744,
          -0.4256783198237697,
          0.29113650602891833
        ],
        [
          0.0,
          0.0,
          0.0,
          1.0
        ]
      ],
      "expected_gain": {
        "weighted_sum": 2297.2980202758436,
        "visible_unknown_voxels": 1168,
        "mean_distance": 0.5151769518750684
      },
      "grid_counts": {
        "free": 4930,
        "unknown": 11276,
        "occupied": 3394,
        "checked": 5879,
        "total": 19600
      },
      "occupancy_update_stats": {
        "valid_depth_samples": 32398,
        "inside_roi_samples": 15162,
        "unique_endpoint_voxels": 366
      },
      "scored_unknown_voxels": 9195,
      "score_mean": 0.3472106158733368,
      "rgb_shape_hw": [
        1080,
        1920
      ],
      "depth_shape_hw": [
        1080,
        1920
      ],
      "sync_index": 95,
      "saved_view": {
        "view_index": 1,
        "rgb_path": "/workspace/ros2_ws/ours_experiment/ex2/views/rgb/0001.png",
        "depth_path": "/workspace/ros2_ws/ours_experiment/ex2/views/depth/0001.png",
        "depth_preview_path": "/workspace/ros2_ws/ours_experiment/ex2/views/depth_preview/0001.png",
        "pose_json": "/workspace/ros2_ws/ours_experiment/ex2/views/pose.json",
        "intrinsics_json": "/workspace/ros2_ws/ours_experiment/ex2/views/intrinsics.json"
      }
    },
    {
      "view_index": 2,
      "tag": "manual_002",
      "candidate_index": 15,
      "candidate_rank": 16,
      "move_success": true,
      "camera_frame": "l515_camera",
      "camera_matrix": [
        [
          0.905781720508669,
          0.0632293073940326,
          0.4190006318358319,
          0.21818474223907403
        ],
        [
          -0.34394560427157034,
          -0.46785697844099383,
          0.8141322183935041,
          -0.3702983973853995
        ],
        [
          0.247509385871768,
          -0.8815395070049526,
          -0.40202885654495724,
          0.3088680332331598
        ],
        [
          0.0,
          0.0,
          0.0,
          1.0
        ]
      ],
      "expected_gain": {
        "weighted_sum": 1450.79020410212,
        "visible_unknown_voxels": 1150,
        "mean_distance": 0.5604961219311486
      },
      "grid_counts": {
        "free": 5565,
        "unknown": 10558,
        "occupied": 3477,
        "checked": 6681,
        "total": 19600
      },
      "occupancy_update_stats": {
        "valid_depth_samples": 32400,
        "inside_roi_samples": 14501,
        "unique_endpoint_voxels": 589
      },
      "scored_unknown_voxels": 8563,
      "score_mean": 0.2119084745645523,
      "rgb_shape_hw": [
        1080,
        1920
      ],
      "depth_shape_hw": [
        1080,
        1920
      ],
      "sync_index": 142,
      "saved_view": {
        "view_index": 2,
        "rgb_path": "/workspace/ros2_ws/ours_experiment/ex2/views/rgb/0002.png",
        "depth_path": "/workspace/ros2_ws/ours_experiment/ex2/views/depth/0002.png",
        "depth_preview_path": "/workspace/ros2_ws/ours_experiment/ex2/views/depth_preview/0002.png",
        "pose_json": "/workspace/ros2_ws/ours_experiment/ex2/views/pose.json",
        "intrinsics_json": "/workspace/ros2_ws/ours_experiment/ex2/views/intrinsics.json"
      }
    },
    {
      "view_index": 3,
      "tag": "manual_003",
      "candidate_index": 29,
      "candidate_rank": 30,
      "move_success": true,
      "camera_frame": "l515_camera",
      "camera_matrix": [
        [
          -0.32431576533088724,
          -0.6971924230035512,
          0.6393293436596498,
          0.2441301898917564
        ],
        [
          -0.6705530973495969,
          -0.30727095990532605,
          -0.6752355891344307,
          0.3522954048873545
        ],
        [
          0.6672164776088066,
          -0.6476938184862483,
          -0.3678517221680495,
          0.23943734866486033
        ],
        [
          0.0,
          0.0,
          0.0,
          1.0
        ]
      ],
      "expected_gain": {
        "weighted_sum": 865.6690227445604,
        "visible_unknown_voxels": 1183,
        "mean_distance": 0.654719248848903
      },
      "grid_counts": {
        "free": 5955,
        "unknown": 10051,
        "occupied": 3594,
        "checked": 7211,
        "total": 19600
      },
      "occupancy_update_stats": {
        "valid_depth_samples": 32398,
        "inside_roi_samples": 20827,
        "unique_endpoint_voxels": 560
      },
      "scored_unknown_voxels": 8090,
      "score_mean": 0.09685546904802322,
      "rgb_shape_hw": [
        1080,
        1920
      ],
      "depth_shape_hw": [
        1080,
        1920
      ],
      "sync_index": 192,
      "saved_view": {
        "view_index": 3,
        "rgb_path": "/workspace/ros2_ws/ours_experiment/ex2/views/rgb/0003.png",
        "depth_path": "/workspace/ros2_ws/ours_experiment/ex2/views/depth/0003.png",
        "depth_preview_path": "/workspace/ros2_ws/ours_experiment/ex2/views/depth_preview/0003.png",
        "pose_json": "/workspace/ros2_ws/ours_experiment/ex2/views/pose.json",
        "intrinsics_json": "/workspace/ros2_ws/ours_experiment/ex2/views/intrinsics.json"
      }
    }
  ],
  "views_dir": "/workspace/ros2_ws/ours_experiment/ex2/views",
  "pose_json": "/workspace/ros2_ws/ours_experiment/ex2/views/pose.json",
  "intrinsics_json": "/workspace/ros2_ws/ours_experiment/ex2/views/intrinsics.json",
  "final_grid_counts": {
    "free": 5955,
    "unknown": 10051,
    "occupied": 3594,
    "checked": 7211,
    "total": 19600
  },
  "roi": {
    "x_range": [
      0.2,
      0.75
    ],
    "y_range": [
      -0.35,
      0.35
    ],
    "z_range": [
      -0.05,
      0.35
    ],
    "voxel_size_m": 0.02
  },
  "depth_limits_m": {
    "min": 0.1,
    "max": 10.0,
    "depth_scale": 1.0
  },
  "topics": {
    "rgb": "/isaac_rgb",
    "depth": "/isaac_depth",
    "camera_info": "/camera/color/camera_info"
  },
  "frames": {
    "world_frame": "panda_link0",
    "camera_frame": "l515_camera"
  }
}